X:
-1 -1 -1 -1 -1 -1 -1 -1 -1
-1 -X -1 -1 -1 -1 -1 -X -1
-1 -1 -X -1 -1 -1 -X -1 -1
-1 -1 -1 -X -1 -X -1 -1 -1
-1 -1 -1 -1 -X -1 -1 -1 -1
-1 -1 -1 -X -1 -X -1 -1 -1
-1 -1 -X -1 -1 -1 -X -1 -1
-1 -X -1 -1 -1 -1 -1 -X -1
-1 -1 -1 -1 -1 -1 -1 -1 -1

Circulo:
-1 -1 -1 -1 -1 -1 -1 -1 -1
-1 -1 -1 -X -X -X -1 -1 -1
-1 -1 -X -1 -1 -1 -X -1 -1
-1 -X -1 -1 -1 -1 -1 -X -1
-1 -X -1 -1 -1 -1 -1 -X -1
-1 -X -1 -1 -1 -1 -1 -X -1
-1 -1 -X -1 -1 -1 -X -1 -1
-1 -1 -1 -X -X -X -1 -1 -1
-1 -1 -1 -1 -1 -1 -1 -1 -1

Quadrado:
-1 -1 -1 -1 -1 -1 -1 -1 -1
-1 -X -X -X -X -X -X -X -1
-1 -X -1 -1 -1 -1 -1 -X -1
-1 -X -1 -1 -1 -1 -1 -X -1
-1 -X -1 -1 -1 -1 -1 -X -1
-1 -X -1 -1 -1 -1 -1 -X -1
-1 -X -1 -1 -1 -1 -1 -X -1
-1 -X -X -X -X -X -X -X -1
-1 -1 -1 -1 -1 -1 -1 -1 -1

Losangulo:
-1 -1 -1 -1 -1 -1 -1 -1 -1
-1 -1 -1 -1 -X -1 -1 -1 -1
-1 -1 -1 -X -1 -X -1 -1 -1
-1 -1 -X -1 -1 -1 -X -1 -1
-1 -X -1 -1 -1 -1 -1 -X -1
-1 -1 -X -1 -1 -1 -X -1 -1
-1 -1 -1 -X -1 -X -1 -1 -1
-1 -1 -1 -1 -X -1 -1 -1 -1
-1 -1 -1 -1 -1 -1 -1 -1 -1